163.36336197054464 0.5801232369173155 1.1035809463038366 0.0 0.0
327.5602653549544 1.3926077109003103 1.1641649271074448 0.0 0.0
1030.043407291747 1.035060668006967 0.5190071838880633 0.0 0.0
366.32911512122854 1.7497658984228899 1.8154881571377526 0.0 0.0
590.4155675631011 1.2469496221961403 1.1838504804150143 0.0 0.0
654.037541654515 1.153986009399673 1.6623032282983055 0.0 0.0
569.0717998242092 1.2852788326753801 1.520528742139225 0.0 0.0
186.2288178060964 1.976164023130434 0.7283411386286115 0.0 0.0
276.6938938653349 1.6605545455264732 1.3242598961134935 0.0 0.0
1160.8199163820777 1.938635035565444 0.52609700795377 0.0 0.0
563.7490161675637 0.9506436831910376 0.9900581695772533 0.0 0.0
1301.6020348654 1.1348018132096849 0.5993786987966441 0.0 0.0
1066.1032320272252 1.8299918333593466 0.8213393784175826 0.0 0.0
490.9381794896334 0.6191129992330179 1.5823758373208208 0.0 0.0
960.6718197367474 1.238356872605221 0.9396888957229899 0.0 0.0
622.8244739983509 0.7976631223509618 0.8886257681291927 0.0 0.0
1198.8981559456242 1.475885806851342 0.5276896458786078 0.0 0.0
844.3606807557302 0.7449678133225833 1.093473322335584 0.0 0.0
672.5921603729666 1.2362569400363812 1.1725504039552512 0.0 0.0
504.9856971643739 0.6048067392152866 1.5010697269894897 0.0 0.0
513.5281630104364 0.5299768848344817 1.8530745835559157 0.0 0.0
670.0101853271157 1.9731914949195346 0.6800437635581396 0.0 0.0
637.1975936398934 1.2323434125535857 1.087879127428553 0.0 0.0
479.41535765058313 1.9988650712306009 0.809824708949502 0.0 0.0
1019.3687202047589 0.9924038698833291 1.8322197732941334 0.0 0.0
151.5319463301963 1.8305234140602369 0.7842690189876302 0.0 0.0
85.54896263746679 1.8509192836092152 1.983321473360211 0.0 0.0
297.9399260192965 1.6454123296636567 0.920802316105075 0.0 0.0
679.1201159243561 0.839963643987964 1.2462705976460566 0.0 0.0
222.71015450994517 0.9113598445130766 1.6166554363557768 0.0 0.0
1346.6678506414917 0.5988220450043814 1.104550081449657 0.0 0.0
570.3286683258088 1.5050446930001833 0.511453288112501 0.0 0.0
861.9545479602208 1.1646017760620708 0.844787998282607 0.0 0.0
805.6804433386212 1.3374629525181534 1.4388624958983376 0.0 0.0
647.4849545726594 1.7304106601261902 1.467711573906848 0.0 0.0
386.62161147551495 0.9767046334736739 1.5715691560485756 0.0 0.0
852.4604578849893 0.6680384957047132 1.1400612326300807 0.0 0.0
443.04498897176734 0.5658051682760689 1.798237499592574 0.0 0.0
677.9573234117676 1.5407221513716942 1.5587833056601699 0.0 0.0
173.5077685578918 1.130972047944142 1.170080698290273 0.0 0.0
780.595976962226 1.1559660942289725 0.91068955868732 0.0 0.0
166.70367710244022 0.6069925460830763 1.5828887118716122 0.0 0.0
855.9623820209221 0.8364757321909062 1.6601475636952983 0.0 0.0
383.647151319767 0.553491989367623 1.2275084823686448 0.0 0.0
324.2913856689025 0.5807920703308435 1.0030650287387939 0.0 0.0
176.77001102193188 0.754057299846847 1.6068065573262444 0.0 0.0
1019.6638371074467 0.721311900150033 1.9536085882461784 0.0 0.0
871.9719206271328 1.9405938111342549 0.5270425087331305 0.0 0.0
250.12931704870672 0.5357174292763487 1.505062306035507 0.0 0.0
1060.024327740172 1.793141789056856 1.0833085323078282 0.0 0.0
475.0192601468454 1.8889620796789708 1.7497871345304639 0.0 0.0
314.17235724244046 1.7565150793846203 1.1994795599712746 0.0 0.0
576.4407765120003 1.1381473493420198 0.7042490155105982 0.0 0.0
134.8128230307735 1.2321620028458147 1.9432794351007443 0.0 0.0
271.0321674575049 1.5161170283823597 1.4454754139621624 0.0 0.0
1141.1641431960861 0.7030086099706658 1.5827521455528308 0.0 0.0
841.8802044915644 1.3651646068911927 1.9476965936984914 0.0 0.0
103.88834318680254 0.6712266526545847 1.87031892579934 0.0 0.0
950.6714147620188 0.5314734316094373 1.1270033585656314 0.0 0.0
992.2413714988147 1.3992979871338451 1.2123362109837044 0.0 0.0
274.4800260349032 0.9115111402099575 1.3375975758811856 0.0 0.0
1100.9203908708796 1.5003551479180761 1.0323466010695963 0.0 0.0
1079.8723134479637 1.000891990221029 1.7015165653962905 0.0 0.0
160.36492721547643 1.1199226556383113 0.9434885748279264 0.0 0.0
125.65172181671834 0.8649721198892197 0.9083882045652623 0.0 0.0
747.9046250384083 0.7544720733523079 1.0655075849224849 0.0 0.0
742.4693275583855 1.6750794724101834 0.6243263960101716 0.0 0.0
263.50008961781924 1.1034757559796677 1.1810476410408797 0.0 0.0
924.2146114304854 1.5664615848893984 1.3949548750242367 0.0 0.0
1052.3631022217423 1.4286888839651795 1.5377249517266156 0.0 0.0
436.910492239357 1.5805146690802374 1.1759797198725417 0.0 0.0
748.923612473504 1.7594917968867874 1.3407361590264713 0.0 0.0
168.4571205829208 1.6863217896314475 0.9796400106220717 0.0 0.0
206.55185192760175 1.09395964939626 1.6159619983304658 0.0 0.0
285.2846730569325 1.648679304387245 0.6076506885743338 0.0 0.0
332.9778798568819 1.2238188668431058 0.9987839513329344 0.0 0.0
751.629017434483 1.3204204767763676 0.8949423601251563 0.0 0.0
386.2983247017859 1.8552145906236395 1.8780977776207641 0.0 0.0
646.9595984499828 1.4082592583089004 1.3499357992199603 0.0 0.0
801.974897001051 0.5526674715400279 1.6198011729422763 0.0 0.0
937.3165855355879 0.5233059466744993 0.7481742120198425 0.0 0.0
754.9029289317713 0.807531859623643 0.8505158764849361 0.0 0.0
523.1615787124914 1.3058449083467785 1.9097819019992137 0.0 0.0
600.097688835459 1.4762162283887206 0.8974959120130735 0.0 0.0
507.71919118018025 0.7154073849743079 1.419365570312593 0.0 0.0
693.5163265926188 1.4076461217034706 1.686310816162341 0.0 0.0
721.762391744492 0.5930433098492183 1.742794621163269 0.0 0.0
457.41920491783554 1.5154542531907662 1.9634887894767512 0.0 0.0
747.1938989021615 1.541356291712154 1.5536225337410166 0.0 0.0
425.2387247317958 1.7943426391701733 1.9310485668612456 0.0 0.0
257.4349493407821 0.9036009226923676 1.5997324716758299 0.0 0.0
165.52183267017392 1.372883388952229 1.1185025770843606 0.0 0.0
1312.2067049494667 0.6309861630861855 1.0927852919120213 0.0 0.0
275.26332954972986 0.6783461111259974 1.7981710179553612 0.0 0.0
292.569795462857 1.9399770974370711 0.9705209670716675 0.0 0.0
395.6546095341115 1.4166143285308594 0.5713139600100892 0.0 0.0
138.9481818425842 1.679418022542147 0.7471034623544324 0.0 0.0
102.29829739658481 1.518007656233818 1.374617340713319 0.0 0.0
432.76500152753357 1.191287849733906 1.6091758166078722 0.0 0.0
645.6555753134 1.4754019026072052 1.9315915853211194 0.0 0.0
808.6086897201461 1.7265319801550265 1.3770013967330885 0.0 0.0
427.1205464736574 1.71314754893561 1.2495085960115857 0.0 0.0
614.8508305816188 1.1321687539243337 0.896715489179875 0.0 0.0
413.4993080999292 1.2363756973615763 1.153684100205976 0.0 0.0
175.1960313745426 0.7006664012232657 0.6410682760777595 0.0 0.0
348.11951709141255 1.4689501144089108 1.4607122709915221 0.0 0.0
133.15144964952927 1.4303718801497962 1.4512158460795241 0.0 0.0
492.2536670119175 1.413538292309099 1.612100961143173 0.0 0.0
1342.4758842782473 0.6475516813720898 0.691591839108797 0.0 0.0
729.1879687535923 1.5266774439755313 1.1511239046456423 0.0 0.0
1059.4073246455534 1.555632192446696 0.977932856911758 0.0 0.0
1048.044783516524 0.7941053931812135 1.2632154697733189 0.0 0.0
1175.763282047101 0.6593406976446897 1.5396029964361393 0.0 0.0
190.58694578484372 1.0806742169678945 1.5347643421063135 0.0 0.0
579.7563701605507 1.9288720254268008 0.8362818818558431 0.0 0.0
668.7865114338002 1.7312707230027895 1.3663017162564737 0.0 0.0
940.8314731683043 1.9776362423680292 1.1235847465432032 0.0 0.0
965.9445589934735 0.8903923954931403 1.1714705902218743 0.0 0.0
516.0283262805316 1.3500085978447707 1.1426095961674072 0.0 0.0
835.5902063334375 0.5934808289405376 1.937189969751204 0.0 0.0
306.32239216577784 1.5111057059892448 1.0613286041713654 0.0 0.0
117.82831521955481 1.9051051809050041 1.1915130331458106 0.0 0.0
262.9236978370728 1.332172576683875 1.6460236680790132 0.0 0.0
213.9432300884567 1.1044113221541947 1.8630557286591065 0.0 0.0
417.9763488013368 1.918158037316205 1.5397910933723755 0.0 0.0
137.4702062983146 1.1709657093096704 1.5255196158169593 0.0 0.0
455.62240525554984 1.0451850692004652 0.9099034294817376 0.0 0.0
401.08121194891146 0.544362748793457 1.8998014200608941 0.0 0.0
206.9508677914458 1.6792783836309755 1.418365807906747 0.0 0.0
949.7957314845839 1.5174610982461787 1.4945888911146836 0.0 0.0
414.4067834314403 1.7708333253943138 1.7338393375531589 0.0 0.0
149.05709134482726 0.6257983726716434 1.6500002787078014 0.0 0.0
777.1266426657994 1.3503186945315204 1.5969501583647352 0.0 0.0
830.1272128353957 0.7421469186357854 0.5503852336101833 0.0 0.0
861.4829084128046 1.9099141787797789 0.852772517396293 0.0 0.0
1179.3474711150739 0.8630398909862446 1.004468862330868 0.0 0.0
310.3780638990967 1.4275038978802819 0.853546740082138 0.0 0.0
314.2876376865389 1.638490139711691 1.0303079606401222 0.0 0.0
408.8348872433155 0.6567478514725584 1.8252672380486503 0.0 0.0
860.3398250574638 1.4730448214372456 1.6063925446268679 0.0 0.0
128.20754627838704 1.0603389008985087 1.9899867365747566 0.0 0.0
262.4442136116846 0.5437500909373887 0.829310744608017 0.0 0.0
447.4343877364325 1.608586195938651 1.461178323841693 0.0 0.0
221.78463918255528 0.9117830880880827 1.6939654420181127 0.0 0.0
389.1281613380018 1.407494759289662 0.7664846373599603 0.0 0.0
167.2692075107421 0.5240894705638242 1.545947798672801 0.0 0.0
299.57178543654624 1.3228969432939799 1.7024553983680013 0.0 0.0
1148.4041366244378 0.7284159897025875 1.3399720182378634 0.0 0.0
954.8485974910917 1.0798392835955193 1.2443185914820707 0.0 0.0
195.85123647967762 0.6086476325419479 1.199072678097156 0.0 0.0
776.8031151829275 1.7141015480890336 1.8300288589669607 0.0 0.0
1195.6828392231764 0.815227438650592 0.8178762894356946 0.0 0.0
498.06525284384355 1.5034559878757463 1.226196120617256 0.0 0.0
421.10587187793385 1.1580950538376615 0.5471443415661454 0.0 0.0
976.9438331007764 0.5257533304405952 1.8897151617107404 0.0 0.0
476.5610041175872 1.6621007496211002 1.8951692862090652 0.0 0.0
757.574173879879 1.7368313550280348 1.9349627363385078 0.0 0.0
155.01063150015446 1.0873766290412221 0.765957610843201 0.0 0.0
468.2427422470812 1.865712371821601 0.504899279537852 0.0 0.0
556.1878327435252 0.8329913789351358 1.6131813845286815 0.0 0.0
231.31181628265824 1.3050285542555198 1.0913045782562691 0.0 0.0
268.77685672995676 1.827672250936918 1.978720341812148 0.0 0.0
1397.7945189778354 1.014205671780647 0.5866550098623021 0.0 0.0
641.1953624499341 0.7600364319359705 1.0032743726768898 0.0 0.0
120.6184835688773 1.4637630235365748 1.8132119187224278 0.0 0.0
979.2741465477409 1.434542496007292 1.7241930646801529 0.0 0.0
456.19018981678227 1.3287919290120032 1.8075574036124709 0.0 0.0
1156.9723550584429 0.8240415330044875 1.040857460659559 0.0 0.0
378.8855013802255 1.4989321568988938 0.5555765422165431 0.0 0.0
373.04165284329446 1.7152422352423111 0.5273825095576429 0.0 0.0
387.1823915573672 1.4846630289242109 0.8172545722543127 0.0 0.0
1004.517759661296 1.2155672209297106 0.5980068081500671 0.0 0.0
960.4477103949886 1.6935015861568656 1.0834546994870724 0.0 0.0
511.68262343402813 1.7668170822232245 0.8883409895014975 0.0 0.0
313.671563221581 1.36270322275705 1.4628453653485745 0.0 0.0
931.2672144245258 0.9023769994883253 1.3459050135711608 0.0 0.0
872.7551427807084 1.8697394002134997 1.4804391198882436 0.0 0.0
1059.7447328081817 0.806610076371312 1.4715458137096218 0.0 0.0
538.5706426940255 1.7383912376058515 1.9453714426424655 0.0 0.0
298.63754316365373 1.8506228936665161 0.8348441118207264 0.0 0.0
933.0945358243204 1.0913979141608112 1.962807254211129 0.0 0.0
824.1999340821816 1.1618943597699654 1.547578179737842 0.0 0.0
777.4300816937632 0.7098891157048457 0.7748779961869704 0.0 0.0
343.05155819247227 1.1386166574057195 1.37944830630192 0.0 0.0
624.9391033507737 0.9596468586357036 1.504761737191699 0.0 0.0
499.2040079555054 1.979092624900475 0.6098911141247385 0.0 0.0
451.31686212421727 1.6547064390608173 1.0590841049302486 0.0 0.0
351.8082717569244 1.6901141124354395 1.059793683966937 0.0 0.0
728.4121126160921 1.8564730245715702 1.7629150119606738 0.0 0.0
432.23836793215577 1.684013143273973 1.4445115015466772 0.0 0.0
952.4773467044935 1.089534605955377 1.5324898417267172 0.0 0.0
1066.120278615158 0.7240477724636505 0.935827768139148 0.0 0.0
1018.2420364967624 1.9913688666584073 0.5694613918344067 0.0 0.0
232.76297205655325 1.1098077526622128 0.569944551191671 0.0 0.0
174.6461385849505 1.4184297137041073 0.9483998236009477 0.0 0.0
708.1895748132368 1.6762733254396265 1.0397726089687838 0.0 0.0
497.752333907463 1.1162874378741572 1.2333668008714191 0.0 0.0
909.9547768683664 1.5885843126675265 0.9974427271104518 0.0 0.0
752.370788101245 1.7207187615090376 0.6468107367777478 0.0 0.0
962.2862373871862 1.5726886603618344 1.8751539000419948 0.0 0.0
818.8921568559716 0.8492721242542098 1.340528863410333 0.0 0.0
538.0953564545772 0.7416934937320936 1.0887551677182135 0.0 0.0
216.9720763754164 1.9451754022254923 1.7007328789629073 0.0 0.0
1005.3315968283607 1.7227918739873953 1.4368737999191048 0.0 0.0
902.0107024113026 0.6022466491623291 1.586824006860685 0.0 0.0
360.57607576044586 1.6018663633876442 1.0786042196527426 0.0 0.0
424.9913131439815 0.9523774013970502 1.1078175883694357 0.0 0.0
925.0519025004031 0.7137687723885154 1.6175432106159051 0.0 0.0
1210.4065552076988 0.7048539546904482 1.170915711259065 0.0 0.0
697.4358601251412 1.4004980287863362 0.8112245321697982 0.0 0.0
1403.2007228098244 1.1552615923702634 0.5081533351993358 0.0 0.0
1034.9251582597906 0.6160241015769659 1.850340163502201 0.0 0.0
344.229430355229 1.1148063650952793 1.4687475505674086 0.0 0.0
823.0616949898459 1.3531934524058677 1.5788283371073306 0.0 0.0
661.3957393376714 0.6405915602091348 1.7118143963231176 0.0 0.0
993.1857766687006 1.943284311499409 1.2869529614447797 0.0 0.0
283.49286835702736 0.9373235845544581 0.8090259595511105 0.0 0.0
425.9215431063834 1.642686530928544 1.1437402055660146 0.0 0.0
467.2615542329333 1.6211874019268842 0.843786365885854 0.0 0.0
369.96171670565263 1.95555270056846 0.9754082036486603 0.0 0.0
999.172387927824 1.7065151025200187 0.9137702593687829 0.0 0.0
882.2570522536006 1.7308597039030449 1.7544654162403797 0.0 0.0
195.52404452994077 1.963362157691642 0.9497355014826527 0.0 0.0
283.6815348800045 1.2197894445303181 1.7427913527841117 0.0 0.0
693.9362138929371 1.2275164831251626 1.0703278740363305 0.0 0.0
444.35837803997384 0.8503074309503161 1.3408517819740333 0.0 0.0
1044.2142827666007 0.5208324977316288 1.287166239120994 0.0 0.0
735.818377922952 1.8144870137371625 0.6667476225775608 0.0 0.0
875.3744552113327 0.7302676093070541 0.9439202738938077 0.0 0.0
156.81334224793815 1.7243461213304572 1.420153675611481 0.0 0.0
954.8913404617364 0.7931418840723224 1.6886492366948924 0.0 0.0
1180.82123618903 1.2928557798921076 0.6262849055408628 0.0 0.0
194.23014538004762 1.9868933058884577 1.1155050009292125 0.0 0.0
467.68895367788514 0.7530728066379769 1.5113358383391036 0.0 0.0
733.0506139963398 0.7997519639114754 0.5536610516158519 0.0 0.0
164.6337927129338 1.8732332647052803 1.9131167287628363 0.0 0.0
278.2008624137204 1.611137573047503 1.5511109580589335 0.0 0.0
392.95327400753257 1.801131168449066 1.0297397969659345 0.0 0.0
407.127736194833 1.1579438107666915 1.8079065367155636 0.0 0.0
1069.6779087003872 1.6676371607835314 0.981970323415335 0.0 0.0
508.6078128143435 1.774221432403058 1.5247448677324287 0.0 0.0
911.2863490931865 1.4107141850006246 1.3688709933879513 0.0 0.0
464.8567968056801 1.5978596894124444 1.2830512780465269 0.0 0.0
305.30158656065834 1.2189032190849138 1.9669079993860668 0.0 0.0
1568.6402844129648 0.6303443328971547 0.6986182381287038 0.0 0.0
211.0744682545892 1.5461105890290407 0.7182887923432937 0.0 0.0
403.53277366634956 1.8017150136946185 1.0261226323758612 0.0 0.0
540.4648448090867 1.1166874390229828 0.7899911513269668 0.0 0.0
128.6679365631298 0.8819982695805665 1.3359823365352346 0.0 0.0
300.5568239875947 0.9179755142918036 0.8803123464283501 0.0 0.0
860.8991566903799 0.8976723456224172 1.2997995659084207 0.0 0.0
257.32919966460656 1.7634903805122621 0.8650005094960549 0.0 0.0
1244.098505446725 0.5552967039389405 1.616431018751711 0.0 0.0
386.8055768891883 0.6774142375580592 1.6370454662125256 0.0 0.0
293.7289379047449 1.7995716494734957 1.450377064276959 0.0 0.0
520.0511775892267 1.5936387195811066 1.2032450944839657 0.0 0.0
188.62472210713864 1.2948320581829782 1.3343460163341008 0.0 0.0
222.92766418106203 1.4547269726409662 0.7081476842547455 0.0 0.0
917.8453995188291 1.3961173672400204 1.9753251886239402 0.0 0.0
719.5827936941251 0.7822794227989048 1.8377018129682128 0.0 0.0
695.5107015822567 1.4890811564870334 1.3662802644594159 0.0 0.0
630.1219294441544 1.7944009301970716 1.8659505155694365 0.0 0.0
1191.706500419602 0.6056591923552993 1.006410289965595 0.0 0.0
139.8370419402095 1.147426724844848 1.9750901819656372 0.0 0.0
196.52456842700144 0.6817463499625743 1.9361051676096077 0.0 0.0
527.8101144534886 1.4014060030185678 1.235354431959263 0.0 0.0
370.61011789569847 1.8042597296536163 1.387816360832463 0.0 0.0
244.78942844460875 0.6763488246522138 1.3941924994579247 0.0 0.0
968.1725287042763 0.5692494694171244 1.6366817275903727 0.0 0.0
543.1053888522213 1.3968481553460315 0.7535097184266997 0.0 0.0
216.27269744500893 0.6871102577871514 1.7671043777904625 0.0 0.0
459.55806386401457 1.3026540777493159 1.988878062973217 0.0 0.0
500.756886820911 1.5764038459278829 0.6792943471006019 0.0 0.0
242.93727041321452 1.5436991716322477 1.878653241853111 0.0 0.0
550.5220095928827 1.3388946030537205 0.7361225627201199 0.0 0.0
1094.261621937031 1.9278945606524176 0.8354069311803705 0.0 0.0
560.6642749113595 1.3083321790442886 0.5803700061352449 0.0 0.0
553.4567795349288 1.5385808779280472 0.5008623397145535 0.0 0.0
664.899964377345 0.5164655664110445 0.5985308932865077 0.0 0.0
429.5064333528808 1.0259846482783792 1.6711054309826832 0.0 0.0
1046.079559370354 1.1848204521268941 1.0872591313490383 0.0 0.0
252.81893234746408 1.4174326312059178 0.9241227945785786 0.0 0.0
306.8743466700152 0.9839300998279941 0.5851868592207765 0.0 0.0
1009.1707904949374 1.591163270455433 0.6560586602328005 0.0 0.0
524.2342832910616 1.4412064484869236 0.9216820271001924 0.0 0.0
1091.7382362391718 0.6384864268519823 1.5857056501456162 0.0 0.0
1047.0375805870588 1.3870331455230192 1.17393840164328 0.0 0.0
474.81135407562107 1.5822598894495568 0.7943046577659295 0.0 0.0
883.2370749215747 1.2582177650930717 0.8139650903939508 0.0 0.0
852.8039251883056 1.4527373229556968 0.8319546329650755 0.0 0.0
812.8700997792196 0.9122406121146913 1.8253079620986967 0.0 0.0
775.7151261671944 1.080300856804806 1.5741141572191581 0.0 0.0
175.71713778693547 1.9206033795853572 1.044376601861146 0.0 0.0
452.7395018741597 1.1251513238349715 0.8944525381252225 0.0 0.0
368.5473388694875 1.0654269912212941 1.642629631329172 0.0 0.0
383.92964577360146 1.510180296928071 1.9832141500510778 0.0 0.0
316.8552329206475 1.7172136244235237 1.499745635838384 0.0 0.0
166.09892475821138 1.2995737509744698 1.2133514363741382 0.0 0.0
750.74577037434 0.7415037405632317 0.9419663226708388 0.0 0.0
302.67143631232034 1.9400918816835904 1.1229733297759417 0.0 0.0
779.3062535724631 1.9615629394153193 0.8797395361666842 0.0 0.0
138.27544767590035 1.6468857446899337 0.7685110595453583 0.0 0.0
450.6363735861126 1.6407995011697463 1.5792375229532145 0.0 0.0
960.304339570674 1.7212588047134563 1.7028393319734207 0.0 0.0
132.03499998720997 1.7990772777367283 1.3305131727731638 0.0 0.0
873.8265257671584 1.65868017159655 1.2616185054504339 0.0 0.0
602.5298613363299 1.154056305646025 0.5466784910719411 0.0 0.0
840.766182963642 1.430189493624252 1.537934768854452 0.0 0.0
630.8938278562982 0.9578765400777643 1.684852976633549 0.0 0.0
497.6846724000709 1.4650027097617089 0.7788345161651193 0.0 0.0
1017.6259332075272 1.8962803562350927 1.0757252132027864 0.0 0.0
659.2937200404922 1.2776070905629477 1.2580590795224809 0.0 0.0
454.6749400169715 1.5321424105577905 0.9955644621612985 0.0 0.0
221.76595182323908 1.7373870374953249 1.871808902426259 0.0 0.0
1019.7717248497379 0.6824347275497449 1.6160047253074872 0.0 0.0
211.09401728642163 1.6451619312545456 1.3165078930429475 0.0 0.0
688.6420161485398 0.8717799269873476 0.7140887481253201 0.0 0.0
871.1377854705735 1.1526436017997848 0.9403671656391249 0.0 0.0
390.6926166115521 1.126780883925649 1.2682430960267548 0.0 0.0
464.8501639169898 1.3586476062525175 1.5187864787812544 0.0 0.0
461.0595452235031 1.6628708503165477 0.902319490928496 0.0 0.0
1010.2167218385322 0.5255776175732262 1.885285195921219 0.0 0.0
790.4397818880226 1.877354534836059 0.607473066183364 0.0 0.0
262.7314783698373 0.9772128461848344 1.96024596202789 0.0 0.0
174.86488975856122 0.9680165861932056 1.0783770237879575 0.0 0.0
1007.2589842749768 1.8539922952905237 1.0105826000527802 0.0 0.0
484.9611067578357 1.073433763845244 0.6451743925731547 0.0 0.0
793.222400631276 1.1406053860913017 1.0680725481497886 0.0 0.0
774.4424222865703 0.729906715085885 1.2467295064464214 0.0 0.0
508.57889303195776 1.5734607970295222 0.5391699935760947 0.0 0.0
1017.7115347879258 0.531948965524399 1.8243843929379944 0.0 0.0
271.59109719437066 1.7895403859819115 0.7091118160759804 0.0 0.0
160.8616425065664 1.0350342287139065 1.3157877311854445 0.0 0.0
565.5173977622694 1.6778837465853695 1.6419312292595802 0.0 0.0
1471.8213276624858 0.5973880872274071 0.7685240234021977 0.0 0.0
556.7455580556749 1.0449771102172019 0.5189723857717692 0.0 0.0
1099.8051318382165 1.1852200171807616 1.5751446497684216 0.0 0.0
909.5253769976247 1.1903116103262241 1.5145530421527844 0.0 0.0
467.4244407877691 1.1740603064986856 1.8281809416745527 0.0 0.0
1198.9199857059539 0.7051150689843231 0.7401982347557226 0.0 0.0
429.8270889064676 1.1696766432662262 1.412546901337764 0.0 0.0
906.0709343154816 1.9854272144578047 1.1004766410208215 0.0 0.0
189.40788525727277 1.8481855437598314 0.8184171392242403 0.0 0.0
816.1145133185723 1.3701729796733346 0.9362951994782085 0.0 0.0
309.08080039997924 1.1834557466650013 0.7805735356433399 0.0 0.0
186.96674842767501 0.6256833502468777 1.4183923868689912 0.0 0.0
550.674348540056 0.9289275880174956 1.9305386078486964 0.0 0.0
894.8128156286724 0.7520257588884987 1.0372504825293793 0.0 0.0
935.6914500251647 1.6025324882707694 1.194640818434396 0.0 0.0
304.3290479874442 1.3054061879766494 1.6480567815904918 0.0 0.0
416.4983001677541 1.0242184884266048 1.8997929070864634 0.0 0.0
305.8034145322403 1.5608691642323147 1.4118176148294643 0.0 0.0
1282.6951052806817 1.1942847039318374 0.7408623841436407 0.0 0.0
596.3155990514266 1.3351694312209679 0.5995191268415134 0.0 0.0
583.0935354070077 1.7595045060681491 1.664393599402697 0.0 0.0
910.2939630376167 1.9693954393400654 1.080201517283561 0.0 0.0
101.3529777327319 1.7890546060258667 1.524638115002007 0.0 0.0
175.2073802830501 0.7946480479916629 1.140800083818519 0.0 0.0
968.6179928783645 1.2649531812721289 1.9889791722346872 0.0 0.0
365.80749852089104 1.5882794184786033 0.629371544139242 0.0 0.0
1051.3765868044593 1.5785096003133494 1.3909320763559698 0.0 0.0
173.5009859786465 0.8577688799114508 0.7781477416174056 0.0 0.0
707.9362425720084 1.811798972713464 1.8915141235712245 0.0 0.0
618.8752378503334 1.270768043696894 1.6016560699598306 0.0 0.0
916.7208211106723 0.6055965366859508 0.9082017858635444 0.0 0.0
772.0832428646819 1.7726360206124165 0.6657468374686889 0.0 0.0
202.73654311348932 1.055878726324945 0.8110638424669191 0.0 0.0
311.15064025038635 1.571635555264684 0.9493442973873001 0.0 0.0
221.19496097570098 1.6952864219796713 1.4193475916708966 0.0 0.0
716.4279280219436 0.5482459413161523 0.5418846945758276 0.0 0.0
677.5171199905203 1.6654224113221443 0.8822514806380861 0.0 0.0
784.8849274296894 1.3634128375181054 1.1199802269351764 0.0 0.0
118.47960948169897 1.4151562712555448 0.5247559261768058 0.0 0.0
603.5894364068452 1.5829773268766472 0.6338126882832676 0.0 0.0
972.2202525261656 1.1024346849447202 1.8969780878086875 0.0 0.0
275.9978230507093 1.5992157938103704 1.2408643460020907 0.0 0.0
1081.382290063665 1.26832759760985 1.3079356008736205 0.0 0.0
959.141444132493 1.9255356875976692 0.7610988494696309 0.0 0.0
1444.8185728822448 0.7446834103756972 0.6724778579530515 0.0 0.0
953.0993267050192 1.4946389628418806 0.8128301720718841 0.0 0.0
379.92636392898083 1.4083024802840678 1.8083916854688022 0.0 0.0
903.9308326093358 1.0349506609023327 1.0679188541743265 0.0 0.0
747.7350435624292 1.0615378862959852 1.9173449680239538 0.0 0.0
180.87715785406388 1.522965537264284 1.747976379990667 0.0 0.0
490.4532254771963 1.177998615359717 0.5924624872027446 0.0 0.0
973.7202296050145 0.9485439752764838 1.0039962091648849 0.0 0.0
967.0157328070804 0.7698346605068374 0.8583651655591377 0.0 0.0
398.80424375236385 1.8498071207313962 1.503412037584119 0.0 0.0
285.2875593258267 1.2492572395346264 0.5582177152271945 0.0 0.0
218.0260820583273 0.6249548516351673 1.3453929789619907 0.0 0.0
336.43475732702046 1.970154462736327 1.559366222449642 0.0 0.0
460.8451360199694 1.8700808078040276 0.7168529559903839 0.0 0.0
215.926522852554 0.5013791012200166 0.7065907877815395 0.0 0.0
817.9895186484966 1.5197338446148767 1.7837051807085615 0.0 0.0
266.56281581167326 0.8214360280532562 0.9718293010022991 0.0 0.0
486.06191760917744 1.2360090662100167 1.2177907528708523 0.0 0.0
996.3176690819788 1.044090456733769 1.7295999859954236 0.0 0.0
245.4780450804362 1.6397918798511113 1.7701452394656139 0.0 0.0
238.73752675905592 1.7577446925592275 0.502437362889471 0.0 0.0
225.96672131078085 1.687815386303726 1.6987687780499703 0.0 0.0
1086.1890280525233 1.8727355321505268 0.7001554091299939 0.0 0.0
505.60349866536995 1.4530611991230793 0.6746796411017035 0.0 0.0
588.5374852181578 1.1588239711483508 1.1544944670891097 0.0 0.0
343.300731364572 1.7861800976628455 1.3351725290284282 0.0 0.0
170.87051883295777 1.0442066207495266 1.7012659812250748 0.0 0.0
389.48027513707524 1.4558576289228884 1.627610348524235 0.0 0.0
943.5737608421915 0.5046080451993458 1.73532906168644 0.0 0.0
922.5950539524644 0.7002982302933141 1.125310393421889 0.0 0.0
218.6848104035749 1.998324295231225 1.587057947745208 0.0 0.0
367.2675001171395 1.8815109344553222 0.9190170133600862 0.0 0.0
267.01518502089993 0.5016251553957572 1.6720508169509303 0.0 0.0
838.1709958025367 1.122652713623858 0.8897707088179282 0.0 0.0
1053.665697501216 1.0720306186660806 1.7480479195303464 0.0 0.0
896.7396681576447 1.4901664300317878 1.7415278497406497 0.0 0.0
139.48996407768578 1.3580941425665183 1.1675952430757737 0.0 0.0
393.3028663721212 0.9195951148916188 0.6403394919631493 0.0 0.0
247.91380217737242 1.2458429196078442 0.9028455728498876 0.0 0.0
851.6710951177263 0.5383108384831559 1.9301540666657855 0.0 0.0
893.3111706832233 1.4528043995812938 1.845059226434296 0.0 0.0
649.1539308712482 1.8809467840391847 0.9068760597677282 0.0 0.0
930.2373387270537 0.5054852940033667 1.4231893756914178 0.0 0.0
233.57101423521257 1.6824213912184287 1.620171410432151 0.0 0.0
570.0539954523811 0.8600753331428339 0.6066012456618016 0.0 0.0
290.2834309685005 1.9238440944821331 1.9070601152887194 0.0 0.0
203.5025945710348 1.2180651576686792 1.3776189453228103 0.0 0.0
527.518889242294 1.4941670740478012 1.7125029462662753 0.0 0.0
526.2052227217351 1.3033111810132194 0.9559448658443648 0.0 0.0
665.6117421426361 1.3665820497468077 1.4190187903144533 0.0 0.0
1235.9135358113856 0.7236932945402039 1.3345508205944232 0.0 0.0
425.75942346872574 0.8650509543834368 1.925888502806037 0.0 0.0
110.70125379297293 1.8246240141350452 0.8398476620954132 0.0 0.0
1091.4811071009476 1.3948899957732421 0.6518148186425738 0.0 0.0
1141.1327624227852 0.6359701269267439 0.5001061641399149 0.0 0.0
281.75842859083934 0.6919320399445599 1.562945382951986 0.0 0.0
341.51025474397454 1.6979344080147014 1.8387000233663544 0.0 0.0
1026.2541716566259 1.268934013492552 1.5637898011362088 0.0 0.0
872.3665718656697 1.6547350632315878 1.9588875263202423 0.0 0.0
212.58846105880107 1.9079097316211058 1.309037839980784 0.0 0.0
153.1810407104592 0.8079761441149587 1.1355777853158882 0.0 0.0
190.11889019955598 1.904265198418216 1.0531221152070418 0.0 0.0
1113.7531793512721 0.704755859477284 1.3227238381623674 0.0 0.0
147.1222678486476 0.8380232725495071 1.305155732543513 0.0 0.0
292.13555564898047 0.6854025033478053 1.0365533712197772 0.0 0.0
1055.7240490411575 1.0524228439980288 0.7002993325732424 0.0 0.0
530.0589833383784 1.3716126178311232 1.26957034667111 0.0 0.0
112.39871180483154 1.6908129742204383 1.1007447150501257 0.0 0.0
392.3987569634625 1.6148261412265115 1.6802226642372782 0.0 0.0
158.0136769844361 1.8166566782581288 1.6987888947393266 0.0 0.0
271.27968409053335 1.5223704035439605 0.6552663227469177 0.0 0.0
406.5956448944643 1.079241393632352 1.376028165087565 0.0 0.0
756.2613644272672 1.1218903699568668 1.8302011693656453 0.0 0.0
425.5086808187053 1.8260647570427175 1.9377162002271127 0.0 0.0
340.70888308681066 1.449283288691399 1.2248399986116916 0.0 0.0
598.7369086936585 1.8811159599761598 0.6489363862691269 0.0 0.0
182.116546583982 1.414919364195193 0.5285652202172268 0.0 0.0
196.21834941433113 1.9810856112761395 0.866274298570472 0.0 0.0
1348.7559147239058 1.2186322319546605 0.5557706628309569 0.0 0.0
311.183230217164 1.3340101536185716 1.5497684031989862 0.0 0.0
197.23336053340276 1.9713112521268312 1.2133320986030427 0.0 0.0
303.7978339430966 1.3061144216796268 1.490331690445397 0.0 0.0
610.943441456871 0.8469349158120156 1.3861194346807355 0.0 0.0
172.06640189386584 1.7525963531200461 1.0581636639787404 0.0 0.0
734.9849031364237 1.9290394972483105 1.2220941017018854 0.0 0.0
887.7929846023978 1.8017024088845306 1.5369370186369962 0.0 0.0
382.67490862121724 1.0726136436112892 1.9136909198617402 0.0 0.0
866.585287226289 1.6364980098840134 0.555860079233953 0.0 0.0
694.0349149370825 1.1047335459281111 1.737593033407471 0.0 0.0
134.9287428613104 1.207558861133815 1.4469726689443487 0.0 0.0
1245.737790544407 1.0846862884267379 0.9855067375448543 0.0 0.0
1182.3303090698405 0.6795599489555646 0.5815781041148003 0.0 0.0
127.73404012836302 1.5917178089246735 1.0847862145312792 0.0 0.0
818.9280126570842 1.7256565384999751 1.9867024202560333 0.0 0.0
339.22756947383346 1.599167484056617 1.1746817104481257 0.0 0.0
95.85206275847393 1.6433434334826629 1.5480324722536434 0.0 0.0
623.8933840026839 0.8090978232829515 0.8524781499859687 0.0 0.0
143.35741081244316 0.603507019933984 1.8710725613724355 0.0 0.0
344.2750506911907 1.7255083595267615 1.4174349137479236 0.0 0.0
463.0259495086935 1.569586764187477 1.016830698858913 0.0 0.0
774.5053808718718 1.863570180365413 1.993558301558672 0.0 0.0
609.089874832128 1.99330902762157 0.9057230585761813 0.0 0.0
798.6243096809047 1.565441914094328 1.5523563369203555 0.0 0.0
424.3813284391395 0.7562377045649076 1.8093184578246964 0.0 0.0
1271.352091153047 0.813022970179419 1.0684911114250402 0.0 0.0
862.8455746419963 1.5434157027648192 1.3585184984034546 0.0 0.0
782.5641418760391 1.679366256812464 0.5160550853292987 0.0 0.0
848.6834284114009 1.2042876467360288 1.84010906757968 0.0 0.0
938.04886158235 1.1184022555586546 1.5954557606304154 0.0 0.0
438.75682846151756 0.5149006219941634 1.7320799269664526 0.0 0.0
1012.5980626523386 1.3409855205937915 1.2731118924144254 0.0 0.0
400.9216474641875 1.2634789167200209 1.9435047387026319 0.0 0.0
321.7623112013737 0.7090455833907803 1.3579166952645014 0.0 0.0
616.9295204274807 1.7780912353170688 0.7238166896867384 0.0 0.0
99.80003378961483 1.0300713036661369 1.7343284322298502 0.0 0.0
175.57961770891893 1.1181602994984863 0.6561911124793751 0.0 0.0
95.31882783244701 1.8948279708374551 1.9781665929627954 0.0 0.0
474.42797280955546 0.5059966817135161 1.094307252724464 0.0 0.0
822.7410946546116 1.9277948131716447 1.858041069270795 0.0 0.0
920.6717117429705 0.9132397130748424 1.3959432265317628 0.0 0.0
296.5169504683978 0.8646605098384537 1.2314392729092962 0.0 0.0
249.90871837011747 1.3373873355310169 1.825014030704041 0.0 0.0
656.8683005936808 0.5337404615721975 1.891195102251217 0.0 0.0
470.4472569248683 1.6201449488183808 1.2063383327179342 0.0 0.0
431.70125169340395 1.561615741869855 1.540743198367995 0.0 0.0
439.17640977329177 0.5543268526263379 0.9566971038803724 0.0 0.0
763.4893353794072 1.110520146687893 1.3972299220560414 0.0 0.0
716.1682725132684 1.8542757080688765 1.850772410495796 0.0 0.0
665.7574492748428 1.802565121868277 1.6662444577827276 0.0 0.0
1105.1057527441062 1.755693793397993 0.9680644423377689 0.0 0.0
461.7181424383741 0.9082944834725519 1.5983627246864778 0.0 0.0
683.5030241811629 0.6560385621368938 1.5679974968520871 0.0 0.0
1172.1098457573314 0.6291057872567358 1.2270971717422159 0.0 0.0
824.1987780052274 1.5394271380435218 1.367922886234219 0.0 0.0
271.2892792423603 1.8405410855286184 1.7063491589492803 0.0 0.0
885.5959783412204 0.9237110725315163 0.5456381862678856 0.0 0.0
750.7904706910235 0.6012918321278025 0.5041221773276221 0.0 0.0
131.52409811823176 0.9442317983772553 1.127225186052391 0.0 0.0
718.6222140033326 1.6839387799168983 1.1026615692479214 0.0 0.0
412.30704446607035 0.5411158961813217 1.89363770154874 0.0 0.0
192.63677558131778 0.5829785381801406 1.6891992079037217 0.0 0.0
907.1195918365815 0.8853847439694016 0.642140164101445 0.0 0.0
154.977494708147 0.9324726772762217 1.738959948124966 0.0 0.0
256.58060635413943 0.719587111010463 1.6509631178840296 0.0 0.0
578.1404806986247 1.0439147160012698 0.7530274354830205 0.0 0.0
449.2508852982283 0.6497849644117482 1.9983894584811148 0.0 0.0
550.5742216965924 1.578391745044808 1.8744645390329975 0.0 0.0
905.405466890986 1.3674714916035926 1.4637084736233703 0.0 0.0
515.0807092919616 0.7480805749321082 0.9555785896939054 0.0 0.0
916.2687814822608 1.8929702152304004 1.5138097331252633 0.0 0.0
561.9674819507661 0.999805836579343 0.8876765989077038 0.0 0.0
169.41292042485244 1.120032915784488 1.8674023060431104 0.0 0.0
451.4487806365332 1.9130483958799782 1.5058276173840146 0.0 0.0
350.86067867608267 1.1517664021724203 0.9826760121380729 0.0 0.0
463.72615990797703 1.4573940956023135 1.5063704731696117 0.0 0.0
381.2168640214347 1.5539871027589578 1.8750458348312702 0.0 0.0
1169.3121835484724 1.1362478580716309 1.069205518180562 0.0 0.0
631.0361965604958 0.9261998460590803 1.5365461942672693 0.0 0.0
1357.7967355939431 1.2218674648043613 0.5168752215361557 0.0 0.0
482.4579847960413 1.8377971479383994 1.7218952239134593 0.0 0.0
1610.4606330226518 0.651738815332685 0.5975641058799441 0.0 0.0
912.0649728794524 0.6677141824525834 1.3145427111136199 0.0 0.0
901.3863556300682 0.6152805177745879 1.2345794048253138 0.0 0.0
277.59084966975246 1.7214306686242242 1.8111653537785561 0.0 0.0
959.9098184047367 1.2294429206436286 1.3651433662053618 0.0 0.0
1320.4517139223253 0.5757600163429175 0.9040306995336543 0.0 0.0
1068.7415802753978 0.6385337528610227 0.7908759607090166 0.0 0.0
1021.0843932377799 1.6901409999028776 1.3221120038177108 0.0 0.0
1405.3106393418063 0.6732164199878652 0.7192134387185245 0.0 0.0
697.0702217010909 1.1905571269389537 1.602248749586081 0.0 0.0
775.6029842217603 0.7192387821958386 1.928765445882642 0.0 0.0
600.5283973061689 1.9947223128539358 1.5727773830040293 0.0 0.0
495.68329480422716 1.107297519189183 1.1566809221604597 0.0 0.0
905.2443738012154 1.68266386410103 0.7880995583130841 0.0 0.0
749.054928816302 0.994269332187516 1.7863449841491101 0.0 0.0
593.2508136463139 0.9452644945208225 1.1550661295552065 0.0 0.0
925.445243987876 0.7002293799752652 0.5445055155986354 0.0 0.0
1155.4234687163525 1.9004135816806973 0.5909581869869209 0.0 0.0
1059.6847626967199 1.8494580814062704 0.7698959765575975 0.0 0.0
613.5492046769313 1.016890565842286 1.0750948277080956 0.0 0.0
333.7402700756742 1.0748352246321586 0.5376853466775434 0.0 0.0
965.2663196686931 1.9358926863389907 1.4885454906780538 0.0 0.0
133.08476207960075 1.5304262839449472 1.4496206221172294 0.0 0.0
730.8371061440911 0.7610374893809824 0.5916723226443945 0.0 0.0
279.18887656503523 1.4596328319828544 1.2661213592088256 0.0 0.0
514.8989623969125 1.6417690262692561 0.8230286999404928 0.0 0.0
983.1218076472086 0.8411746119299928 1.7704211951992699 0.0 0.0
147.07540393687253 1.4139041344183176 1.3358959144911506 0.0 0.0
180.63480757871875 1.8866566144068688 1.5804182569885867 0.0 0.0
509.1361669413872 1.826290250293994 0.9274902711572259 0.0 0.0
412.51708569276326 0.8285778734042708 0.5350896694757088 0.0 0.0
205.45968305211446 1.6217369073279189 1.5821426615821728 0.0 0.0
960.8603157911257 1.0846668005887068 0.5636182856661239 0.0 0.0
657.0962733526717 1.1779536410477847 1.5409929899696495 0.0 0.0
533.0085956371368 0.6528012586587134 0.8647983740970788 0.0 0.0
164.84378657759282 1.6178686679700869 1.2339695982313807 0.0 0.0
589.680516303155 1.2992579870007335 1.293864175295941 0.0 0.0
1147.9048079327508 1.4279376184444772 0.6684020304308822 0.0 0.0
364.33644602069603 1.2571871885831234 0.7296202562399877 0.0 0.0
751.6760229436222 1.1218334887080281 1.4345685676867619 0.0 0.0
261.0320549382 1.736841191568167 1.0438883054819317 0.0 0.0
309.1560128639207 1.0378483323309435 1.7070436762844847 0.0 0.0
211.29849683415367 1.0651462796416578 1.6439039524060806 0.0 0.0
756.7378359282998 0.8904164341451895 1.804339514571141 0.0 0.0
148.91644244563375 0.9883360465613269 1.9261161918682088 0.0 0.0
259.4598379611564 1.4778982070927342 0.7479550821958467 0.0 0.0
713.9252026222296 0.7349539166105059 1.3968024078064307 0.0 0.0
1065.8805598404483 0.5460992405190892 1.447614119743204 0.0 0.0
253.8520437106275 1.8629917405434195 1.9908554891699817 0.0 0.0
351.151636983898 0.5631481274942338 1.188217070602435 0.0 0.0
219.65754611209204 0.8155407782796757 1.5772173970407548 0.0 0.0
399.07385433798987 1.7850041029081762 1.00993598690646 0.0 0.0
995.8274348766986 1.0382357072954926 1.9444539501220794 0.0 0.0
624.8775557108255 0.7084664506911543 1.5760042819897369 0.0 0.0
308.9309879217086 1.0310288377248862 1.1968034929865363 0.0 0.0
981.1073668148956 1.3548006009822995 0.5678627398382687 0.0 0.0
462.5300368736468 1.6016296385350457 1.0079199143495883 0.0 0.0
474.8002079455718 1.5223284431909085 1.769855212089102 0.0 0.0
657.0289600798785 0.6736965449359297 1.1462607846001418 0.0 0.0
527.0979210159236 1.643589306090694 0.8943657275396105 0.0 0.0
909.1717959750273 1.460305140902098 1.8089366793580344 0.0 0.0
462.7833591013001 1.8646032798323597 1.0456283071686971 0.0 0.0
884.9045328410459 0.5837817531790135 1.9421638405398147 0.0 0.0
818.2903443503606 1.0262395783874183 1.3920570589353352 0.0 0.0
1464.3414684080271 0.6396220263377292 0.5161200778954322 0.0 0.0
414.28541386304875 1.6611220348289988 1.5529841318069968 0.0 0.0
670.84620655822 0.8324974639644152 0.7712618046901116 0.0 0.0
249.0977827522436 1.4203550237536948 1.5742309722284435 0.0 0.0
1064.2121863219786 1.0145928136423243 1.7697383498657353 0.0 0.0
155.74845907298086 1.653857856918685 1.8205917176272324 0.0 0.0
265.8310688923091 1.6361994872479726 1.9350360421042427 0.0 0.0
163.25334409295965 1.2884650539053195 0.5666421204211411 0.0 0.0
432.2951576445356 1.7681846029565313 1.5085699002505988 0.0 0.0
982.8468882686824 1.5141797673562274 1.3501220381810424 0.0 0.0
1047.9945043428645 1.730580567956607 0.719414676718896 0.0 0.0
225.2668909038181 0.9669269620347292 0.9049557090138585 0.0 0.0
201.4993668923795 0.9606003863404365 1.6902067584724954 0.0 0.0
734.6760060909106 1.5359109100381658 1.289829859583485 0.0 0.0
559.998599969347 1.757532924610365 1.8714913667889717 0.0 0.0
168.36631365979187 1.0915420990395122 1.725261684354279 0.0 0.0
625.3831530730286 1.3688659455325611 0.6372292019081471 0.0 0.0
355.3297491936747 0.5667379485200186 1.3252179964626074 0.0 0.0
1233.438049867893 0.9814488779679782 1.1505797149355792 0.0 0.0
576.8377693557944 0.816393838600709 1.2949760273459447 0.0 0.0
656.8377584783044 0.772768862673449 0.701320363823708 0.0 0.0
287.3801458733329 1.668499407197787 1.8684408575859321 0.0 0.0
267.90381922361115 1.1897554953569445 1.0221337774136066 0.0 0.0
986.7690611983137 1.854312272662185 1.330724335636115 0.0 0.0
691.1936080314695 1.71973529392899 1.4789443842244547 0.0 0.0
1001.2459184714007 0.6145724341667411 1.733420629193943 0.0 0.0
563.3574272441663 1.4912809897454755 1.9456524404382816 0.0 0.0
701.0849732316562 0.57808986136188 1.5575577937697727 0.0 0.0
566.8292220551452 0.9011773362768376 1.4994205545773633 0.0 0.0
449.4867883243679 1.9887496137847291 1.8117557497268053 0.0 0.0
651.924050547605 1.1591409116130438 1.1163062341829004 0.0 0.0
866.7792888799339 0.8019595318977166 0.9350076018131966 0.0 0.0
1100.6644419595382 1.7998288694449849 0.6903503938015034 0.0 0.0
390.06680158978634 1.7831414532986498 1.8845115092919371 0.0 0.0
505.4564838540302 0.6680148751311215 0.6397495596712671 0.0 0.0
990.5441124193337 1.826475621120018 1.1849276236845552 0.0 0.0
350.74956601508154 0.5168456687979425 1.385449429156391 0.0 0.0
846.5040742372042 1.082635067866772 1.9701795656863668 0.0 0.0
488.1796211422669 1.2727541493125354 1.4551302893143405 0.0 0.0
820.0606912842052 1.4837101656607246 0.8415949334064873 0.0 0.0
263.3164330995062 1.7253651087786945 1.623249497121781 0.0 0.0
839.3490238863591 1.200904075310375 0.8099221048622951 0.0 0.0
657.6478646353515 0.9169637130539106 1.8767603047441634 0.0 0.0
144.84954609318925 0.6975876862935421 1.6242322766952602 0.0 0.0
832.8737267714616 1.7469959182180759 1.7564294087689252 0.0 0.0
124.85996897404905 1.8914329139533865 0.7209594882536677 0.0 0.0
172.46830591563852 0.8671801404743562 1.611435177740122 0.0 0.0
1213.4177449735814 1.641062508792032 0.546266068337369 0.0 0.0
491.88198441106186 1.6800261233268778 1.148408399655504 0.0 0.0
459.4940034919138 1.2689856634027348 1.1027963724726175 0.0 0.0
719.0249257335091 1.1153684059279045 0.7217235367825534 0.0 0.0
876.8036882449369 1.2319273284519432 1.7684026302060136 0.0 0.0
189.8225510096119 1.1068032784533428 0.933502700486492 0.0 0.0
955.1905152030052 1.4499510353862237 0.6529839773440966 0.0 0.0
197.2988540922667 0.6302322543709993 1.515840965966461 0.0 0.0
345.24670882637497 0.9620051627847408 1.6339262644717154 0.0 0.0
631.3483904830705 1.6437444811454973 1.3862590825958714 0.0 0.0
196.1562138497005 0.7690496177791442 1.4636944743350673 0.0 0.0
169.43019953513138 0.6107839601245417 0.551865037441424 0.0 0.0
182.27156769229015 1.0620324907434322 1.859052947603455 0.0 0.0
224.40436996893453 0.8735018330711124 1.755176860843878 0.0 0.0
218.77978474777453 0.6006297805707228 0.6472170323651167 0.0 0.0
407.264371371992 1.499913491769087 0.6047172249689376 0.0 0.0
734.1288239358195 0.5115584199854143 1.849971088249442 0.0 0.0
859.6517987546255 1.5227308894688965 1.2018401944714259 0.0 0.0
709.3847937482428 1.6462246842377157 0.7102935779524233 0.0 0.0
473.9798950359696 1.6753306456589763 0.9281618945274988 0.0 0.0
193.28320128855492 1.3406693821969198 1.5118907799516794 0.0 0.0
556.1188646023023 1.562464150701361 1.753935320061716 0.0 0.0
574.1620307067534 1.158263476777245 1.7617890494837147 0.0 0.0
670.71933236499 1.9356879084040048 0.7162727472441826 0.0 0.0
709.6522447006558 1.780727411311881 1.4456986496317437 0.0 0.0
382.9239127437459 1.4002176981329946 1.8148926571252462 0.0 0.0
500.2763796169207 1.8919414576804168 1.4991157148658465 0.0 0.0
184.02650088086563 1.2670584172939958 0.6808932611430499 0.0 0.0
972.0730841921148 0.7554879736665421 0.9372683227068375 0.0 0.0
253.07717264232068 1.316982868095246 1.4840595717102436 0.0 0.0
1018.9630899144792 1.4419935742086716 1.5414494687074884 0.0 0.0
800.5852498307673 1.882449559544382 1.0077749297919631 0.0 0.0
613.493312519687 1.6287561705698843 1.9444813803534868 0.0 0.0
278.24033816117543 0.6317218550882883 1.5354826064214981 0.0 0.0
836.3982025452973 1.8756849514268192 1.7587573046718195 0.0 0.0
611.6946912021765 1.8664349386077772 1.5180948714743292 0.0 0.0
951.0781306253676 0.6071066966473531 1.6980603331549715 0.0 0.0
1136.6974508051464 0.7759631026097811 1.5186569123472766 0.0 0.0
177.0301480065923 1.7501231683538456 1.31509930377369 0.0 0.0
935.373847008808 0.9465207417624877 1.822198881444325 0.0 0.0
302.70957886118225 1.6275981163470052 1.5186612409172515 0.0 0.0
1039.8455918160053 1.1982831054928167 0.7850867303353124 0.0 0.0
119.01363909854801 1.9277577719373282 1.2985135118185798 0.0 0.0
609.4413231042655 0.5251685383314202 1.1331119984917075 0.0 0.0
873.9166514505619 0.9423109519413582 1.1689575967204764 0.0 0.0
1059.8825402599812 0.9069573960922634 1.948918776315838 0.0 0.0
608.4885556437155 0.7759221996621333 1.1850268800097368 0.0 0.0
178.9355586944974 0.8211837503059254 0.5112884009400296 0.0 0.0
1116.391513487395 0.991960714885113 0.6653767037388194 0.0 0.0
264.9078265324643 0.5924159921875924 1.5839461819409106 0.0 0.0
489.8393271210076 0.6625146019515438 0.579847325969664 0.0 0.0
444.85664737981165 1.6419847637640097 0.7146613164797857 0.0 0.0
1009.1390703648786 0.7426001413600214 0.6381602596002401 0.0 0.0
815.4619991057878 1.181887275453902 1.592272033469098 0.0 0.0
361.7753783287936 1.7934799237450618 1.3670701745503755 0.0 0.0
956.7175947851987 1.439151460989534 1.4319347140176604 0.0 0.0
1139.6283731928024 0.8400900360865309 0.5949721604607883 0.0 0.0
622.9088346032102 1.285621349190568 1.2796956074333048 0.0 0.0
760.9665499082182 1.9019255261591357 0.6929143578048398 0.0 0.0
338.91809111191776 1.5155354413698514 0.574028827600309 0.0 0.0
744.0750529533617 1.7338655411317527 0.5208471704900994 0.0 0.0
124.82062036873408 0.9459566307422786 1.3374304001470487 0.0 0.0
1382.4364683628444 0.7260861129198315 1.0131087371961263 0.0 0.0
538.19614695995 1.4897159277531422 1.603785931388088 0.0 0.0
666.1894402496824 0.6511747259292727 0.7390122535051438 0.0 0.0
1141.4194972694652 1.0317548349443089 1.3609043757202155 0.0 0.0
1199.2098119177651 0.7675874626328784 1.5316303412043508 0.0 0.0
244.78813022974052 1.5987443708469766 1.530217867034041 0.0 0.0
129.94300542645956 0.9783378332380339 0.757892812284152 0.0 0.0
467.48381504048524 0.9330673173439215 1.62895110330096 0.0 0.0
973.3287888523269 0.9678379010005536 1.888523077598868 0.0 0.0
1369.442452536502 0.7265749950579021 0.6753660254276921 0.0 0.0
408.670470442461 0.5839307413334053 1.2341284199031872 0.0 0.0
202.34415412484228 1.7939921412255824 1.2979377111230401 0.0 0.0
130.56139273960977 1.561383143223426 1.66224356968941 0.0 0.0
1099.3693025653977 1.5623180122363243 1.0298642543293168 0.0 0.0
454.3299454496157 1.9993293979888251 1.416587858567873 0.0 0.0
512.2536101453588 0.6466390613907009 1.2948618762186657 0.0 0.0
890.3313419027879 0.5076358311896116 0.5406201625134912 0.0 0.0
577.7269327252582 1.0267742603676093 1.2969803575666896 0.0 0.0
192.14079433030145 1.4181947913714996 1.0932508466994313 0.0 0.0
1149.787229760129 1.0481874399273892 1.0058546948810845 0.0 0.0
468.1064218854512 1.6528032746391517 1.4799758467181583 0.0 0.0
733.3414713694463 0.7565128010975759 1.3480063249713794 0.0 0.0
93.19222895512107 1.806908529861322 1.589109169538089 0.0 0.0
251.2876415848568 0.8925957877212598 0.5790163597612554 0.0 0.0
830.0348610869249 1.0233166252118437 0.9438195887815982 0.0 0.0
194.05210914892055 1.3332009476835838 0.583527730510371 0.0 0.0
438.24411313036796 1.0670255306739431 1.8979707197622862 0.0 0.0
1316.1139209218575 0.7811678379610859 1.0217197462267391 0.0 0.0
463.91031215405513 0.9992849579147733 0.7694887896937916 0.0 0.0
481.97806708522324 1.3446126710866637 1.6233985793307466 0.0 0.0
246.56863248033181 0.8693122418181465 1.8107820869798905 0.0 0.0
390.80408361984814 1.8560851334145378 0.8292864089644019 0.0 0.0
849.9126129678385 1.441802384301607 1.7791981231282645 0.0 0.0
974.9661921484484 0.6673963319398308 1.560215267973419 0.0 0.0
206.9646785038753 1.0352696824358236 0.9488636174347584 0.0 0.0
847.7463892576031 0.9276685515988933 1.804493248211433 0.0 0.0
808.376242187565 1.757336104164572 1.3611266934205173 0.0 0.0
866.7563590806867 1.1078996214683963 0.634011091439632 0.0 0.0
1236.923756772174 0.8522240815899247 1.2643411581352615 0.0 0.0
690.7335601115951 1.59607344216213 1.099905269980253 0.0 0.0
649.906719579606 0.7055284568557115 0.9166450630035351 0.0 0.0
876.8698929232247 1.0289679311599749 0.9474594764618645 0.0 0.0
695.1107390357032 1.5565930378844737 1.1925101198449577 0.0 0.0
517.9865289529008 1.5329918133789515 0.6272962109526051 0.0 0.0
1081.3229330229958 1.2551383727889986 0.620929584946049 0.0 0.0
216.34246643267426 1.0546825800132855 0.7749646550647488 0.0 0.0
185.13517433769235 0.5230933351190099 1.6742215646793746 0.0 0.0
548.6856695247828 1.0228673201535663 1.060530416491205 0.0 0.0
269.379359514206 1.1560229383650742 1.8235931559842116 0.0 0.0
368.44158212187926 1.3301315240439184 1.3307321138214718 0.0 0.0
782.397745276142 1.9751104031199789 1.6641562438408204 0.0 0.0
933.6325630095492 0.9075790115920961 1.933808816441445 0.0 0.0
740.1502810859786 1.4618281031236766 1.8454624217125906 0.0 0.0
132.27422492437802 0.6396414928649534 1.2714269614913385 0.0 0.0
667.4417780344548 1.3403038555754552 1.0842823381016244 0.0 0.0
967.4043920145947 0.5861602713902216 0.7584699719779531 0.0 0.0
503.2392127372687 1.9032544023120774 1.0084526438807546 0.0 0.0
1015.8712461289715 1.3856355212607339 1.8026191302067784 0.0 0.0
148.5920551299434 1.8186918536620222 0.9734432165395904 0.0 0.0
200.98857755763265 1.851493129301455 0.5686716762384807 0.0 0.0
106.90028042004772 1.1412031170339545 1.4672646402917469 0.0 0.0
1067.8554600645539 0.5984710160775147 0.5724397165165112 0.0 0.0
1153.3192271170913 1.032942756599818 1.3259309857499957 0.0 0.0
112.18653940095983 1.9554495486114776 0.746285088346382 0.0 0.0
560.0715002174212 1.2944819421317078 1.739410422987904 0.0 0.0
597.1623392597403 1.4473764799243052 0.7035785636633062 0.0 0.0
470.90680773175535 1.9343512420477322 0.8861934484255315 0.0 0.0
200.2160736304358 1.8030971449708364 1.793743254572342 0.0 0.0
303.94202666975843 1.912279794985764 0.8991692163489946 0.0 0.0
1011.3211411767115 1.3252182250368187 1.0666773545227841 0.0 0.0
516.2641406822314 0.976841134757801 1.4663595994182885 0.0 0.0
738.6432753672058 1.120694969236331 0.666985423822028 0.0 0.0
602.6505097296024 1.2336841945680634 1.7748197682313518 0.0 0.0
313.05537785583164 0.7852343789416377 1.7964648586515783 0.0 0.0
750.8219846448663 0.5184988898080825 1.6587481667932076 0.0 0.0
885.4154430295125 1.2798579820645513 1.159091941376169 0.0 0.0
446.6101675259561 0.6636557166936384 1.0404032948092135 0.0 0.0
686.2052870183836 1.9540769608499358 1.856810261774005 0.0 0.0
343.9292680798418 1.6039583986683785 1.515726930387092 0.0 0.0
248.58508425434863 1.8255936958942138 1.6558124440883781 0.0 0.0
293.68079515897125 0.9640837187752824 1.4142542076971334 0.0 0.0
1043.0162922772884 1.5687551410558331 1.453021190348668 0.0 0.0
947.6702812427159 1.6892600139347183 1.6022709285817613 0.0 0.0
1028.0578866000817 1.3284259213620042 1.5468259756822296 0.0 0.0
611.9969654188781 0.8947269027651263 1.303380704251083 0.0 0.0
587.7319960799554 1.0969424170523365 1.781685621452341 0.0 0.0
357.2191935171933 0.5004765305676837 1.7962343434336983 0.0 0.0
742.982999347561 0.883789348712402 1.1824272560351698 0.0 0.0
125.33860284505118 1.2057821542357359 1.596621564541043 0.0 0.0
1089.5559178058463 1.105882204598866 0.987958293445376 0.0 0.0
1110.5858750429768 1.1986508469319752 0.9218722924479894 0.0 0.0
346.2775520631424 1.038053801555603 0.9029895710858007 0.0 0.0
151.5557317434303 1.7388442540712334 1.9337254109186122 0.0 0.0
458.9960214067023 0.8832517620861255 1.3585785021467145 0.0 0.0
343.34743896911607 1.11602114800386 1.726039053039224 0.0 0.0
915.2577036417991 1.4194764163297802 1.2228984013308002 0.0 0.0
156.2706618618588 0.8518276586594979 1.093992463373058 0.0 0.0
977.8373327168504 0.6064085984826737 1.2086397870819834 0.0 0.0
892.7884279162824 1.213155215746375 1.9520410688009089 0.0 0.0
324.363618837115 0.7300845217818012 0.6037598400143949 0.0 0.0
473.5429753338078 1.1337827235452895 0.6663284784998103 0.0 0.0
664.5892185988961 1.4166347727080562 1.929637335824603 0.0 0.0
737.248058225725 1.6164965415383796 1.8259441096945805 0.0 0.0
1080.265362718194 0.5460327818413635 1.549742466068613 0.0 0.0
365.3805568749386 1.6992988584331656 1.9039448431326726 0.0 0.0
571.9921756596356 1.4687936414224525 0.5999119605229031 0.0 0.0
192.88527239831544 1.471335447768762 0.567333169789876 0.0 0.0
401.3592474312377 0.6109706224225134 1.277191706438806 0.0 0.0
964.4217059599555 0.8594116723367144 1.8499619368718876 0.0 0.0
247.72758611935754 1.6227982365850802 1.5352072228926859 0.0 0.0
631.5035283499909 1.1931061068897737 0.7830522328303375 0.0 0.0
432.9674513019825 1.8129482553290517 0.59407697720985 0.0 0.0
641.6039093457101 0.6678013389141395 1.1131008727654468 0.0 0.0
804.4785962527676 1.116493362879829 1.7126565950832031 0.0 0.0
701.3358855459379 1.3233283262181668 1.4931219365915829 0.0 0.0
221.2828563606199 0.7822551024662301 1.333528364007287 0.0 0.0
1179.1256108744294 1.255629843305113 0.6260466481230601 0.0 0.0
768.7215909750144 1.422256014477329 1.3737203328087146 0.0 0.0
1260.7958099891919 1.0960592203242077 0.7849719128581221 0.0 0.0
1271.1211048186092 0.9785750306716439 0.9871584520721945 0.0 0.0
102.08748978804863 1.4732228727900716 1.4693834141081163 0.0 0.0
148.44033860063504 1.8816111083334324 0.8276302033879435 0.0 0.0
701.451912865523 1.6728623087386931 0.973772567027765 0.0 0.0
922.401811411943 1.2544568504396145 0.532297847935298 0.0 0.0
618.4494569334855 0.6740473035781873 0.7229583143267951 0.0 0.0
436.7860897617158 1.8544894222900132 0.9844839382188573 0.0 0.0
223.1146533098626 1.4888618207020974 1.2436189637108708 0.0 0.0
757.6976530476659 1.0412346268126007 1.3446845365181597 0.0 0.0
869.6685362442184 1.546841678971238 1.530077004270072 0.0 0.0
807.9176003378016 1.2835736293745306 0.8692187401034907 0.0 0.0
414.2651039386444 0.9469803850605071 1.0286461561211526 0.0 0.0
821.6096581021725 0.5829368778314458 1.5017641458530142 0.0 0.0
450.33831516567506 1.4268253509382156 1.0493118468252698 0.0 0.0
293.8476325130524 1.1777364707747764 1.3198839525849806 0.0 0.0
115.74801382819842 0.929345943359003 1.4782078434722858 0.0 0.0
214.01484019311224 1.6301281369503928 1.0079113907874504 0.0 0.0
1003.5295555455905 1.1615388407838365 1.809473429651622 0.0 0.0
397.2621419857241 0.537925428863433 0.7721970726288452 0.0 0.0
449.3883330422556 1.255734644183136 0.78635109155927 0.0 0.0
963.0305924784253 1.3828397773374617 0.9942236845563881 0.0 0.0
598.472071302053 1.2944162800285437 1.4124712908233463 0.0 0.0
381.13355152983166 1.7218563748009104 1.6729068252353012 0.0 0.0
173.77803616174862 0.8888028879261587 0.7965822242507636 0.0 0.0
203.0923227011283 1.3257496613876247 0.7409348262526056 0.0 0.0
681.1143238150364 0.6827874584138646 1.2869373287045138 0.0 0.0
629.6049975647834 1.9114102688358052 1.7446967552812462 0.0 0.0
607.0108185079848 0.9610668854414828 1.0113099702272517 0.0 0.0
677.4649919715399 0.6545790539702128 1.7583666499916453 0.0 0.0
351.3973824134265 1.274691730630092 1.226605939544502 0.0 0.0
600.5738568282816 1.478703807475068 1.8937903315166384 0.0 0.0
243.49443190506716 1.9181571493071834 1.2256362676969326 0.0 0.0
454.9567109231678 1.8196247676476143 1.0349103194508693 0.0 0.0
113.85393991362425 0.7693807378706581 1.5497315419299693 0.0 0.0
566.1237706775968 1.91467507409441 1.2944258013966472 0.0 0.0
265.40272183464003 1.4990166955374236 1.8540882198959363 0.0 0.0
591.6776075094399 0.9742162108893523 1.949193006353069 0.0 0.0
824.8774448777084 1.9372206306093807 1.8759215368771758 0.0 0.0
106.00940514032216 1.762975638207208 1.3701785236081738 0.0 0.0
687.9849708006584 0.9766099973518688 1.0568399928175458 0.0 0.0
918.1016937655537 0.5658557554889139 1.3995030724908792 0.0 0.0
351.5645836315909 1.4523764197241096 1.1511373607731539 0.0 0.0
218.335114562208 0.5278684020015502 1.2314730889977796 0.0 0.0
588.7481685070446 1.615662110650735 1.4207729306238777 0.0 0.0
564.4526065826492 0.8674532853862973 1.7412186748310186 0.0 0.0
539.2094124038662 1.940823655499044 0.7289370954843375 0.0 0.0
907.9175775401999 0.584612210308014 0.7176727360733597 0.0 0.0
541.4036581063052 1.5865542972478313 0.7639219294815005 0.0 0.0
276.02220239111057 1.9537668461329087 1.6971320705904729 0.0 0.0
564.2492734868582 1.4999371213834407 0.5617803002115691 0.0 0.0
852.2108806530351 1.5382106651474365 1.1197162436027968 0.0 0.0
438.10329744250276 1.6915297504572206 1.7139664701824455 0.0 0.0
205.14553873229923 1.7086723312414343 1.6001280146325616 0.0 0.0
151.22071994220445 0.8019446564211785 1.192800054430538 0.0 0.0
588.1791956909483 1.5576935436758852 1.9745561619605208 0.0 0.0
109.51212498672976 1.2289882175477995 1.9012832734987333 0.0 0.0
730.2882191109597 1.6705338265921796 1.7389498159047576 0.0 0.0
545.108072051157 1.0191476499299177 1.5897447440653432 0.0 0.0
384.67813469524725 1.501507229100039 1.4225166081636962 0.0 0.0
351.43443963812143 1.2822248867593995 0.9115176935757603 0.0 0.0
841.7945731536613 1.334963312258482 0.693464574909503 0.0 0.0
411.58265790243934 1.5112558064191985 1.3335152478658336 0.0 0.0
239.7135288736287 1.7348300978714635 0.8434789172831941 0.0 0.0
493.0601388474805 1.4411997430300012 0.7181196580030034 0.0 0.0
552.8271567173516 1.6054229320502134 1.434873196553469 0.0 0.0
218.65766279239676 1.278769012440394 1.2391987682569754 0.0 0.0
664.3579602640422 0.9243445783915898 1.0859406178861648 0.0 0.0
1144.2271900842857 1.3480525275322601 1.0947298113046036 0.0 0.0
176.60922686868147 0.7403766902804106 1.3623279396776355 0.0 0.0
144.68061255010338 1.0051582596688289 1.6262228779763634 0.0 0.0
848.0165117063891 0.7327658560603156 1.3001862726286515 0.0 0.0
173.63899245163324 0.5233350211824904 1.150637448750869 0.0 0.0
233.21769023216828 1.7902736816094784 0.6669775534060529 0.0 0.0
1000.3348099120053 1.2107640538411941 1.5082989141741707 0.0 0.0
783.2703787817468 1.4129572733829125 1.8550513895976835 0.0 0.0
538.5797890439176 1.1616355242099248 1.861879701474364 0.0 0.0
148.0902674198491 0.7544907027485213 1.257213833924426 0.0 0.0
316.60217530024454 0.645211071665823 1.5911235946683444 0.0 0.0
538.1787354516682 1.7441783568018328 1.092255244384763 0.0 0.0
612.6855256981514 1.4476128215662745 1.396827718689324 0.0 0.0
604.6522281561432 0.9896496226899438 1.2517336626482294 0.0 0.0
1224.81047064617 0.8622291692469981 0.63843139986935 0.0 0.0
497.6594591296865 1.7349258789811248 1.8143054048599574 0.0 0.0
179.613219949355 1.4404149968056756 0.8158905489753503 0.0 0.0
908.2023222560963 1.0714019942793898 1.7419229354394592 0.0 0.0
488.2737605142405 1.9549612903214069 1.8205074506758203 0.0 0.0
1427.4100695224206 0.9178515581328848 0.6232801376719372 0.0 0.0
540.2969259046331 0.5846125988315818 1.2921325407790059 0.0 0.0
557.566363468893 1.0191540867596114 0.7103655276312033 0.0 0.0
515.469927639049 1.771266252039141 1.753809265255924 0.0 0.0
963.8426360246071 1.8825044370459505 1.096188151285369 0.0 0.0
218.75628626748173 0.8017773679238083 1.3190906162215903 0.0 0.0
739.9317767485921 1.2639703311321338 1.3510348980936537 0.0 0.0
687.3949826212101 0.8755282983759615 1.5008069232419161 0.0 0.0
453.03784971744767 0.5986725912998541 0.941284219170721 0.0 0.0
1003.4771911589121 0.848510413905526 1.3087056295726345 0.0 0.0
1302.192356547729 0.8702362865023885 0.9629316134663168 0.0 0.0
795.5408128499406 1.5130812610377318 0.586704415505897 0.0 0.0
270.41916376988314 1.8801335090893996 0.5008399485616062 0.0 0.0
299.6254668944405 0.5975286502448562 0.5566396090451913 0.0 0.0
360.3539570659767 1.3506260086858355 1.0861927928200021 0.0 0.0
555.4949476951718 1.992486979078452 1.3793819318941767 0.0 0.0
144.83203397972355 1.325099143753616 0.8007069661925874 0.0 0.0
1223.4590654495448 0.9378779949616063 1.04708923967385 0.0 0.0
267.32783527994417 0.6483573157879304 1.7413524937609615 0.0 0.0
760.6020118607056 1.4126354030850268 0.8200077829404113 0.0 0.0
704.2993736348517 1.256702787299555 0.65022091938406 0.0 0.0
935.4824420305409 1.8119858325527214 1.4673042160632792 0.0 0.0
231.30777540900277 1.7492458759862382 1.3966810895162691 0.0 0.0
766.9619797823267 1.3442494087681627 1.6419608962770842 0.0 0.0
670.3634052270842 1.6358972073437015 1.4621534368600895 0.0 0.0
950.4367810979859 0.5310252030694357 0.6717521432782818 0.0 0.0
1190.054693406978 1.8097574791772104 0.525134330504634 0.0 0.0
100.0297194267625 1.6975066224911806 1.9177953769749312 0.0 0.0
759.1873139188423 1.8051220595013941 1.7260998754662442 0.0 0.0
521.3769704973439 1.3856721531892966 0.7863360236252732 0.0 0.0
601.1153193532385 0.8887731291449275 1.1974202883069864 0.0 0.0
292.40858752318957 0.8986825683366657 1.4369462871635588 0.0 0.0
512.2003257255961 0.6658563507692223 0.630551560393897 0.0 0.0
314.0168083122365 1.8168224483531503 0.6872710616205596 0.0 0.0
145.85784858674492 0.9633514280715083 1.3933254985432828 0.0 0.0
375.198010399252 1.0275986673080817 0.5575452959690642 0.0 0.0
260.8905320158994 1.833511767912928 0.7202248456037426 0.0 0.0
869.1427297258931 0.977498701811806 1.551020806106525 0.0 0.0
108.03829613550754 0.6198790419595404 1.8112911320334595 0.0 0.0
995.4438386961514 1.35730183520016 1.7623943655822507 0.0 0.0
515.875796549544 1.9782901481461181 0.5442240763784163 0.0 0.0
927.6769475600232 1.5480761088305053 1.8854725122146234 0.0 0.0
714.6780422024141 1.8436019519155593 1.170794309869792 0.0 0.0
646.2156459081328 0.6162796468738191 1.6771871067531636 0.0 0.0
551.3558848682185 0.676536674440152 1.55924018733642 0.0 0.0
851.6013434877783 1.842805521548016 1.524042491392728 0.0 0.0
737.6371108657191 0.6954907392351231 1.5456530357543257 0.0 0.0
752.6577807394715 1.878410145260806 1.5102351430387773 0.0 0.0
696.9299701919858 0.9404359859035933 0.965993047027367 0.0 0.0
117.35428104138398 1.5611970709494083 0.608775231608332 0.0 0.0
882.2954373381632 1.209390055904274 0.6361526515026728 0.0 0.0
1112.675153907264 0.8003621759261821 0.7059473635046096 0.0 0.0
185.02724528587652 0.6823624180550909 0.7190520596623193 0.0 0.0
997.7805399045952 0.8370730880656689 0.707376200349696 0.0 0.0
1047.0077634954578 1.4698921742541655 1.5268654975506692 0.0 0.0
226.92422658498054 1.4815138962377774 1.5372640240414062 0.0 0.0
247.64191677430816 0.5861323477547151 0.9944010491158726 0.0 0.0
836.6981508967506 1.7737663015768876 1.7661464683756953 0.0 0.0
1156.4349683054215 1.2091781392352619 1.036426951368107 0.0 0.0
1229.7785103021731 0.9477758646321717 0.810857063851637 0.0 0.0
1020.2471423411339 1.5098588289881933 1.4980865286157847 0.0 0.0
712.0950352311669 1.0031185185226688 0.7096505728200639 0.0 0.0
321.07477117408337 0.7236537552903008 1.4237424958654545 0.0 0.0
429.5098029913191 1.148278795305671 1.3238945465609464 0.0 0.0
632.6669934395846 1.2306214380552576 0.7874705407016953 0.0 0.0
345.67687627326364 1.2899839798528228 1.3183873449292374 0.0 0.0
789.899393555548 0.5185474153053024 1.8711880233947418 0.0 0.0
1189.3737142902014 1.15850336509392 1.0057548482771066 0.0 0.0
570.4890324920341 0.6012131869917884 0.9657944281704951 0.0 0.0
373.53308730990557 1.6054953791648756 1.8057477076933188 0.0 0.0
546.8753400607688 1.8471783855177006 1.7535831631504106 0.0 0.0
164.0209171069199 1.0861970191170878 1.6542884778618703 0.0 0.0
145.79299461390474 0.7631026957977274 1.8478230732897893 0.0 0.0
855.3502805462225 1.7160817602227936 1.2792669647914972 0.0 0.0
126.7241543294007 0.6887407626545741 1.279745573833932 0.0 0.0
1452.7171501527328 0.8278470124761675 0.6334589767769497 0.0 0.0
611.8652075949879 1.2382506815049825 1.2422867443674366 0.0 0.0
491.69705679008194 1.9426653631262014 0.9028529206774834 0.0 0.0
504.98869425404575 1.4018489442661388 0.7750580271302349 0.0 0.0
934.95635406845 1.1926543273475159 0.7240346403291895 0.0 0.0
358.49327498482563 0.8336410493024075 1.1889088547532094 0.0 0.0
534.2102512744455 1.2576884545402047 1.5795732954549144 0.0 0.0
488.6523798809384 1.17433725538026 0.6328105626217426 0.0 0.0
589.2052986951302 1.6099108608868433 0.5498839001073608 0.0 0.0
